![wpn_ak105_ekp8_02_hud]
        aim_hud_offset_pos               = -0.066939, -0.007225, -0.078687
        aim_hud_offset_pos_16x9          = -0.066939, -0.007225, -0.078687
        aim_hud_offset_rot               = -0.012929, 0.001158, 0
        aim_hud_offset_rot_16x9          = -0.012929, 0.001158, 0

![wpn_ak105_okp_hud]
        aim_hud_offset_pos               = -0.061581, 0.015553, -0.058557
        aim_hud_offset_pos_16x9          = -0.061581, 0.015553, -0.058557
        aim_hud_offset_rot               = -0.000495, 0.000389, 0
        aim_hud_offset_rot_16x9          = -0.000495, 0.000389, 0

![wpn_ak105_1p76_hud]
        aim_hud_offset_pos               = -0.065047, 0.003664, -0.040824
        aim_hud_offset_pos_16x9          = -0.065047, 0.003664, -0.040824
        aim_hud_offset_rot               = -0.000406, 0.001156, 0
        aim_hud_offset_rot_16x9          = -0.000406, 0.001156, 0

![wpn_ak105_1p63_hud]
        aim_hud_offset_pos               = -0.066119, -0.004709, -0.053001
        aim_hud_offset_pos_16x9          = -0.066119, -0.004709, -0.053001
        aim_hud_offset_rot               = -0.001276, -0.000363, 0
        aim_hud_offset_rot_16x9          = -0.001276, -0.000363, 0

![wpn_ak105_kobra_hud]
        aim_hud_offset_pos               = -0.066071, 0.002734, -0.064743
        aim_hud_offset_pos_16x9          = -0.066071, 0.002734, -0.064743
        aim_hud_offset_rot               = -0.007987, -0.000417, 0
        aim_hud_offset_rot_16x9          = -0.007987, -0.000417, 0
		
![wpn_ak105_swamp_hud]
        aim_hud_offset_alt_pos           = -0.08864, -0.05866, -0.067354
        aim_hud_offset_alt_pos_16x9      = -0.08864, -0.05866, -0.067354
        aim_hud_offset_alt_rot           = 0.008457, 0.011862, 0.8
        aim_hud_offset_alt_rot_16x9      = 0.008457, 0.011862, 0.8
		
![wpn_ak105_shakal_hud]
        aim_hud_offset_pos               = -0.069357, 0.006535, -0.046214
        aim_hud_offset_pos_16x9          = -0.069357, 0.006535, -0.046214
        aim_hud_offset_rot               = 0.005053, -0.001629, -0.006
        aim_hud_offset_rot_16x9          = 0.005053, -0.001629, -0.006
		
        aim_hud_offset_alt_pos           = -0.070665, -0.027346, -0.043259
        aim_hud_offset_alt_pos_16x9      = -0.070665, -0.027346, -0.043259
        aim_hud_offset_alt_rot           = 0.000905, 0.00423, 0
        aim_hud_offset_alt_rot_16x9      = 0.000905, 0.00423, 0