![wpn_g36v_rwap_hud]
        aim_hud_offset_alt_pos           = 0.023655, -0.053941, 0.025
        aim_hud_offset_alt_pos_16x9      = 0.023655, -0.053941, 0.025
        aim_hud_offset_alt_rot           = 0.008266, 0.005974, 0.00387
        aim_hud_offset_alt_rot_16x9      = 0.008266, 0.005974, 0.00387