![wpn_ash12_sup_hud]
        aim_hud_offset_alt_pos           = -0.106967, -0.027709, -0.129479
        aim_hud_offset_alt_pos_16x9      = -0.106967, -0.027709, -0.129479
        aim_hud_offset_alt_rot           = -0.001002, 0.009232, -0.01204
        aim_hud_offset_alt_rot_16x9      = -0.001002, 0.009232, -0.01204