![wpn_svds_pmc_hud]
        aim_hud_offset_alt_pos           = -0.090076, -0.062947, -0.117497
        aim_hud_offset_alt_pos_16x9      = -0.090076, -0.062947, -0.117497
        aim_hud_offset_alt_rot           = -0.009469, 0.001838, 0.78
        aim_hud_offset_alt_rot_16x9      = -0.009469, 0.001838, 0.78