![wpn_remington700_mod_x_gen3_hud]
        aim_hud_offset_alt_pos           = -0.082675, -0.069405, -0.123586
        aim_hud_offset_alt_pos_16x9      = -0.082675, -0.069405, -0.123586
        aim_hud_offset_alt_rot           = -0.013213, 0.009696, 0.79
        aim_hud_offset_alt_rot_16x9      = -0.013213, 0.009696, 0.79

![wpn_remington700_magpul_pro_hud]
        aim_hud_offset_alt_pos           = -0.090221, -0.0625, -0.11
        aim_hud_offset_alt_pos_16x9      = -0.090221, -0.0625, -0.11
        aim_hud_offset_alt_rot           = -0.014613, 0.009103, 0.78
        aim_hud_offset_alt_rot_16x9      = -0.014613, 0.009103, 0.78
		
		