![wpn_dtmdr]
>scopes	=	p1x42, he510
<scopes =	mepro, point_aimpro

![wpn_dtmdr_ac10632_hud]
        aim_hud_offset_pos               = -0.087001, 0.014022, -0.046028
        aim_hud_offset_pos_16x9          = -0.087001, 0.014022, -0.046028
        aim_hud_offset_rot               = 0.009956, 0.061608, 0
        aim_hud_offset_rot_16x9          = 0.009956, 0.061608, 0
		
![wpn_dtmdr_eot_hud]
        aim_hud_offset_pos               = -0.086861, 0.007519, -0.047023
        aim_hud_offset_pos_16x9          = -0.086861, 0.007519, -0.047023
        aim_hud_offset_rot               = 0.009683, 0.06208, -0.014716
        aim_hud_offset_rot_16x9          = 0.009683, 0.06208, -0.014716
		
![wpn_dtmdr_c-more_hud]
        aim_hud_offset_pos               = -0.087193, 0.015284, -0.06878
        aim_hud_offset_pos_16x9          = -0.087193, 0.015284, -0.06878
        aim_hud_offset_rot               = 0.009952, 0.061876, 0
        aim_hud_offset_rot_16x9          = 0.009952, 0.061876, 0
		
![wpn_dtmdr_aimpoint_hud]
        aim_hud_offset_pos               = -0.086352, 0.010595, -0.05484
        aim_hud_offset_pos_16x9          = -0.086352, 0.010595, -0.05484
        aim_hud_offset_rot               = 0.010364, 0.060748, 0
        aim_hud_offset_rot_16x9          = 0.010364, 0.060748, 0
		
![wpn_dtmdr_ekp8_18_hud]
        aim_hud_offset_pos               = -0.086447, 0.002993, -0.061812
        aim_hud_offset_pos_16x9          = -0.086447, 0.002993, -0.061812
        aim_hud_offset_rot               = -0.002219, 0.060655, 0
        aim_hud_offset_rot_16x9          = -0.002219, 0.060655, 0
		
![wpn_dtmdr_e0t2_hud]
        aim_hud_offset_pos               = -0.086615, 0.012519, -0.06473
        aim_hud_offset_pos_16x9          = -0.086615, 0.012519, -0.06473
        aim_hud_offset_rot               = 0.007895, 0.060971, 0
        aim_hud_offset_rot_16x9          = 0.007895, 0.060971, 0
		
![wpn_dtmdr_compm4s_hud]
        aim_hud_offset_pos               = -0.086436, 0.013218, -0.084565
        aim_hud_offset_pos_16x9          = -0.086436, 0.013218, -0.084565
        aim_hud_offset_rot               = 0.012293, 0.060647, 0
        aim_hud_offset_rot_16x9          = 0.012293, 0.060647, 0

![wpn_dtmdr_sup_hud]
        aim_hud_offset_alt_pos           = -0.086818, 0.003275, -0.139629
        aim_hud_offset_alt_pos_16x9      = -0.086818, 0.003275, -0.139629
        aim_hud_offset_alt_rot           = 0.009669, 0.061999, -0.015
        aim_hud_offset_alt_rot_16x9      = 0.009669, 0.061999, -0.015
		
;---------------------------------------------------------------------------------
[wpn_dtmdr_p1x42]:wpn_dtmdr
hud					= wpn_dtmdr_p1x42_hud

1icon_layer                              = p1x42
1icon_layer_x                            = 85
1icon_layer_y                            = -16

[wpn_dtmdr_p1x42_hud]:wpn_dtmdr_hud
item_visual                		= dynamics\weapons\wpn_dtmdr\wpn_dtmdr_p1x42_hud.ogf
        aim_hud_offset_pos               = -0.086614, 0.014371, -0.08355
        aim_hud_offset_pos_16x9          = -0.086614, 0.014371, -0.08355
        aim_hud_offset_rot               = 0.011527, 0.061148, 0
        aim_hud_offset_rot_16x9          = 0.011527, 0.061148, 0
;---------------------------------------------------------------------------------
[wpn_dtmdr_he510]:wpn_dtmdr
hud                                      = wpn_dtmdr_he510_hud

1icon_layer                              = he510
1icon_layer_x                            = 115
1icon_layer_y                            = -7

[wpn_dtmdr_he510_hud]:wpn_dtmdr_hud
item_visual                              = dynamics\weapons\wpn_dtmdr\wpn_dtmdr_he510_hud.ogf
        aim_hud_offset_pos               = -0.086614, 0.014371, -0.08355
        aim_hud_offset_pos_16x9          = -0.086614, 0.014371, -0.08355
        aim_hud_offset_rot               = 0.011527, 0.061148, 0
        aim_hud_offset_rot_16x9          = 0.011527, 0.061148, 0

