![wpn_fal_aus_kit_aus_tri_hud]
        aim_hud_offset_pos               = -0.070494, -0.013403, -0.16635
        aim_hud_offset_pos_16x9          = -0.070494, -0.013403, -0.16635
        aim_hud_offset_rot               = -0.013603, -0.025157, 0
        aim_hud_offset_rot_16x9          = -0.013603, -0.025157, 0
		
        aim_hud_offset_alt_pos           = -0.075293, -0.076541, -0.11
        aim_hud_offset_alt_pos_16x9      = -0.075293, -0.076541, -0.11
        aim_hud_offset_alt_rot           = -0.024597, -0.013567, 0.79
        aim_hud_offset_alt_rot_16x9      = -0.024597, -0.013567, 0.79
		
![wpn_fal_aus_kit_sa5x_spec_hud]
        aim_hud_offset_pos               = -0.06993, -0.015409, -0.165872
        aim_hud_offset_pos_16x9          = -0.06993, -0.015409, -0.165872
        aim_hud_offset_rot               = -0.020583, -0.025231, 0
        aim_hud_offset_rot_16x9          = -0.020583, -0.025231, 0
		
        aim_hud_offset_alt_pos           = -0.075293, -0.076541, -0.11
        aim_hud_offset_alt_pos_16x9      = -0.075293, -0.076541, -0.11
        aim_hud_offset_alt_rot           = -0.024597, -0.013567, 0.79
        aim_hud_offset_alt_rot_16x9      = -0.024597, -0.013567, 0.79
		
![wpn_fal_aus_kit_fal_leup_hud]
        aim_hud_offset_pos               = -0.070179, -0.016366, -0.150077
        aim_hud_offset_pos_16x9          = -0.070179, -0.016366, -0.150077
        aim_hud_offset_rot               = -0.019541, -0.025329, 0
        aim_hud_offset_rot_16x9          = -0.019541, -0.025329, 0
		
        aim_hud_offset_alt_pos           = -0.075293, -0.076541, -0.11
        aim_hud_offset_alt_pos_16x9      = -0.075293, -0.076541, -0.11
        aim_hud_offset_alt_rot           = -0.024597, -0.013567, 0.79
        aim_hud_offset_alt_rot_16x9      = -0.024597, -0.013567, 0.79	