![wpn_saiga12s_m1]
        fire_point                       = 0.002849, -0.016287, 0.481358
        orientation                      = 0.587086, -5.455076, -1.276583
        position                         = -0.028731, 0.038262, 0.173166
        strap_orientation                = 11.81575, -11.431579, 110
        strap_position                   = -0.180748, -0.151268, 0.19771

![wpn_saiga12s_m1_kobra_hud]
        aim_hud_offset_pos               = -0.067807, -0.004362, -0.05
        aim_hud_offset_pos_16x9          = -0.067807, -0.004362, -0.05
        aim_hud_offset_rot               = -0.01037, 0.000742, 0
        aim_hud_offset_rot_16x9          = -0.01037, 0.000742, 0
		
![wpn_saiga12s_m1_okp_hud]
        aim_hud_offset_pos               = -0.060239, 0.012549, -0.05
        aim_hud_offset_pos_16x9          = -0.060239, 0.012549, -0.05
        aim_hud_offset_rot               = -0.000162, 0.000626, 0
        aim_hud_offset_rot_16x9          = -0.000162, 0.000626, 0
		
![wpn_saiga12s_m1_ekp8_02_hud]
        aim_hud_offset_pos               = -0.066999, -0.014463, -0.05
        aim_hud_offset_pos_16x9          = -0.066999, -0.014463, -0.05
        aim_hud_offset_rot               = -0.01203, 0.001662, 0
        aim_hud_offset_rot_16x9          = -0.01203, 0.001662, 0
		
![wpn_saiga12s_m1_1p76_hud]
        aim_hud_offset_pos               = -0.066146, -0.00216, -0.05
        aim_hud_offset_pos_16x9          = -0.066146, -0.00216, -0.05
        aim_hud_offset_rot               = 7.7e-05, 0.001973, 0
        aim_hud_offset_rot_16x9          = 7.7e-05, 0.001973, 0
		
![wpn_saiga12s_m1_1p63]
        aim_hud_offset_pos               = -0.066321, -0.012934, -0.05
        aim_hud_offset_pos_16x9          = -0.066321, -0.012934, -0.05
        aim_hud_offset_rot               = -0.000923, 0.001328, 0
        aim_hud_offset_rot_16x9          = -0.000923, 0.001328, 0
